function [C] = traj(t1,t2,x1,x2)
%UNTITLED Summary of this function goes here
%   Detailed explanation goes here
A = [
    1, t1, t1^2, t1^3, t1^4, t1^5, t1^6, t1^7, t1^8, t1^9;
    1, t2, t2^2, t2^3, t2^4, t2^5, t2^6, t2^7, t2^8, t2^9;
    0, 1, 2*t1, 3*t1^2, 4*t1^3, 5*t1^4, 6*t1^5, 7*t1^6, 8*t1^7, 9*t1^8;
    0, 1, 2*t2, 3*t2^2, 4*t2^3, 5*t2^4, 6*t2^5, 7*t2^6, 8*t2^7, 9*t2^8;
    0, 0, 2, 6*t1, 12*t1^2, 20*t1^3, 30*t1^4, 42*t1^5, 56*t1^6, 72*t1^7;
    0, 0, 2, 6*t2, 12*t2^2, 20*t2^3, 30*t2^4, 42*t2^5, 56*t2^6, 72*t2^7;
    0, 0, 0, 6, 24*t1, 60*t1^2, 120*t1^3, 210*t1^4, 336*t1^5, 504*t1^6;
    0, 0, 0, 6, 24*t2, 60*t2^2, 120*t2^3, 210*t2^4, 336*t2^5, 504*t2^6;
    0, 0, 0, 0, 24, 120*t1, 360*t1^2, 840*t1^3, 1680*t1^4, 3024*t1^5;
    0, 0, 0, 0, 24, 120*t2, 360*t2^2, 840*t2^3, 1680*t2^4, 3024*t2^5;
    ];

B = [x1;x2;0;0;0;0;0;0;0;0];

C = A\B;
end


